X<- 10
Y<- 100
Z<- X*Y